14.7795 31.3607
61.9663 20.332
50.221 29.5878
10.7496 30.166
55.9488 82.4183
10.322 27.8504
37.5105 36.3534
10.9704 8.05459
99.7647 80.7462
11.1524 45.7472
18.7295 56.093
85.512 33.2983
20.3527 60.2736
4.19774 16.6309
8.26211 49.5106
19.4352 22.8705
95.9798 9.4405
94.5091 70.5195
95.1843 38.0864
6.54344 77.0029
43.6384 46.5993
50.5469 76.9926
18.8337 50.8208
42.6025 89.365
9.11 35.4058
27.8058 36.1202
56.5271 48.291
31.7644 16.5153
9.99323 12.9298
97.5133 27.0208
6.90315 37.161
76.0633 10.3941
0.745358 48.2947
50.9463 49.5958
71.729 12.967
89.6092 64.5792
87.8223 2.77214
7.52603 23.8635
30.4059 69.1153
87.9039 80.1436
93.9894 31.7375
55.1456 77.6019
50.9781 44.635
43.8757 13.7397
8.46015 78.0784
91.8285 17.7279
21.3671 87.1571
94.8435 70.9562
27.1194 48.1251
36.7587 49.3089
66.5784 47.4097
68.9061 97.6485
65.1739 76.3995
12.3049 61.7426
28.3327 71.0602
32.482 7.49596
65.8658 48.6201
45.9577 73.1212
12.4973 31.0158
16.7434 88.0556
0.306801 52.7704
36.7966 81.6423
26.9198 4.4103
98.719 33.4022
83.867 70.785
15.875 77.9285
74.4109 62.1755
12.3339 98.8074
30.3562 77.9757
52.0955 18.3389
56.8205 83.9825
31.2705 82.9226
4.00826 2.92794
15.2647 41.9651
66.1997 84.9597
24.0531 75.0081
9.01836 22.5169
86.7328 35.3732
21.0426 79.9322
98.2204 65.8973
14.893 24.4223
98.4995 43.9538
43.9622 76.6412
95.8591 63.519
3.79673 74.4073
21.9325 58.6527
23.4944 12.4713
6.10862 41.1016
87.0865 54.3331
14.1181 59.2306
56.7772 68.9449
65.7189 79.8556
19.7528 39.7227
59.9354 54.0331
9.57405 68.2767
69.8001 88.0712
38.3788 33.3225
97.2258 93.8838
9.22973 13.3589
27.9109 14.6617
